x <- 1+2
y <- 3*4
z <- y/x

x+y+z
<<<<<<< HEAD

x+y-z
=======
x+y-z
>>>>>>> 42d529aac327fbf815636dc93aa86dcce2d5046b
