x <- 1+2
y <- 3*4
z <- y/x

x+y+z
<<<<<<< HEAD
<<<<<<< HEAD

x+y-z
=======
x+y-z
>>>>>>> 42d529aac327fbf815636dc93aa86dcce2d5046b
=======
x+y-z
>>>>>>> 9d10c55fd4d3ac3378e8e3f014f7cbedc7758c92
